39.1706 -123.8407 0.2000
39.1014 -123.7894 0.2000
38.4080 -123.1144 0.2000
38.3290 -123.0419 0.2000
38.1810 -122.9170 0.2000
37.9617 -122.7224 0.2000
37.7856 -122.5741 0.2000
37.4380 -122.2830 0.2000
37.3670 -122.2100 0.2000
37.2970 -122.1400 0.2000
37.1762 -122.0036 0.2000
37.1040 -121.9070 0.2000
37.0530 -121.8120 0.2000
36.9890 -121.7330 0.2000
36.9260 -121.6520 0.2000
36.8701 -121.5645 0.2000
36.8059 -121.4816 0.2000
36.8059 -121.4820 12.2000
36.8701 -121.5650 12.2000
36.9260 -121.6520 12.2000
36.9890 -121.7330 12.2000
37.0530 -121.8120 12.2000
37.1040 -121.9070 12.2000
37.1762 -122.0040 12.2000
37.2970 -122.1400 12.2000
37.3670 -122.2100 12.2000
37.4380 -122.2830 12.2000
37.7856 -122.5740 12.2000
37.9617 -122.7220 12.2000
38.1810 -122.9170 12.2000
38.3290 -123.0420 12.2000
38.4080 -123.1140 12.2000
39.1014 -123.7890 12.2000
39.1706 -123.8410 12.2000
39.1706 -123.8407 0.2000
